   6.1245983e+00   4.6739179e+00   5.2936198e+00   4.5202005e+00   5.0665575e+00   3.4367435e+00   1.9150009e+01   5.1977124e+00   1.5247355e+00   5.0540423e+00   2.5973128e+00   3.1747153e+00   1.4732468e+00   3.1067733e+00   1.5763415e+00   1.7219075e+00   2.3808078e+01   2.2891922e+01   2.7954113e+01   1.8745887e+01   1.5680077e+01   1.5380613e+01   1.6153992e+01   1.5282279e+01   5.7000000e+01   2.3975362e+01   2.2724638e+01   3.1975749e+00   3.6020877e+00   4.0322821e+00   1.0471292e+01
   7.9050939e+00   6.5633800e+00   6.7681533e+00   8.9556801e+00   1.7952257e+01   6.9337640e+00   1.0428566e+01   9.2842586e+00   6.1868814e+00   1.8977370e+00   6.3725645e+00   4.9765716e+00   2.1590123e+00   5.4093935e+00   2.4189953e+00   1.9718589e+00   1.1142125e+01   3.5557875e+01   1.0481813e+01   3.6218187e+01   1.7117244e+01   1.8085168e+01   1.5808418e+01   1.9190084e+01   5.7000000e+01   1.5715957e+01   3.0984043e+01   6.6379114e+00   9.5276586e+00   1.1738197e+01   4.4692071e+00
   5.9903800e+00   6.2259654e+00   6.1374484e+00   8.4180098e+00   2.1735479e+01   2.3893678e+01   4.9583592e+00   4.0099731e+00   5.6771617e+00   4.8509248e+00   8.1718764e+00   2.9614253e+00   1.9425030e+00   1.0024548e+01   2.4946987e+00   2.4602549e+00   2.3272296e+01   2.3427704e+01   2.3333370e+01   2.3366630e+01   1.5851878e+01   1.5439668e+01   1.6200834e+01   1.5934655e+01   5.7000000e+01   2.3733957e+01   2.2966043e+01   9.1873103e+00   1.9904419e+01   3.0522790e+00   4.8941840e+00
   5.1052568e+00   4.7007756e+00   2.4449361e+01   6.6048228e+00   3.3687381e+00   7.0078953e+00   5.1494091e+01   7.1392632e+00   1.9082868e+00   7.8509063e+00   2.0721102e+00   3.4590754e+00   1.7268211e+00   1.5149086e+00   1.5720702e+00   1.5329549e+00   2.3443063e+01   2.3256937e+01   2.3043999e+01   2.3656001e+01   1.5616696e+01   1.5783772e+01   1.5727766e+01   1.5686974e+01   5.7000000e+01   2.2973972e+01   2.3726028e+01   1.5583431e+01   2.0532748e+00   2.1345462e+00   3.4901523e+00
   7.3402227e+00   6.9909242e+00   5.8887889e+00   7.0919972e+00   6.6002543e+00   1.0239192e+01   9.7545264e+00   7.5807776e+00   3.7752108e+00   6.1999696e+00   1.9878425e+00   1.5855619e+00   2.3255881e+00   2.0893062e+00   1.5143445e+00   1.7998201e+00   2.1541350e+01   2.5158650e+01   2.4623512e+01   2.2076488e+01   1.5851151e+01   1.5637933e+01   1.6073892e+01   1.5904232e+01   5.7000000e+01   2.3328577e+01   2.3371423e+01   6.3720989e+00   1.1666654e+02   4.3765284e+00   5.5881341e+00
   9.3582481e+00   4.7158005e+00   4.8560253e+00   4.9369802e+00   3.9810366e+01   4.4383265e+00   7.4258795e+00   5.9556996e+01   5.1515007e+00   3.8185612e+00   1.0319525e+01   2.0512420e+00   2.0489623e+00   1.8274246e+00   2.4651633e+00   1.8902303e+00   2.3084502e+01   2.3615498e+01   2.4251978e+01   2.2448022e+01   1.5709485e+01   1.5478973e+01   1.6105747e+01   1.6001577e+01   5.7000000e+01   2.2678784e+01   2.4021216e+01   8.0174228e+00   5.8051059e+00   3.8363881e+00   4.2649892e+00
   9.1305900e+00   7.4291787e+00   4.0293179e+00   8.3358933e+00   9.3259485e+00   9.4538932e+00   3.0162168e+01   5.5686922e+00   7.7987296e+00   5.3571632e+00   3.3693203e+00   3.7549120e+00   1.8441469e+00   2.0097255e+00   2.3452225e+00   1.7916924e+00   1.9489977e+01   2.7210023e+01   2.3018493e+01   2.3681507e+01   1.5661865e+01   1.6190876e+01   1.5847246e+01   1.5980250e+01   5.7000000e+01   2.4111661e+01   2.2588339e+01   6.4467219e+00   4.0093090e+00   8.7937828e+00   7.9878647e+00
   6.4777955e+00   6.1774515e+00   6.5366244e+00   8.6724367e+00   6.1123183e+00   6.4633320e+00   9.0321572e+00   5.1966856e+01   3.3183402e+00   1.0133403e+01   1.8309113e+00   8.6168995e+00   1.9559821e+00   2.1103806e+00   2.0738503e+00   1.7727219e+00   1.0948477e+01   3.5751523e+01   1.0995608e+01   3.5704392e+01   1.5766528e+01   1.5829530e+01   1.5553760e+01   1.5587231e+01   5.7000000e+01   1.6130487e+01   3.0569513e+01   8.2251772e+00   5.6977112e+00   1.0594447e+01   6.7224034e+00
   2.4686081e+00   3.2854535e+00   4.5813038e+00   3.4496572e+00   3.4365930e+00   1.6929368e+01   2.5380089e+00   4.2094593e+00   1.7326840e+00   2.8526825e+00   6.3871030e+00   3.9803275e+00   1.3819803e+00   1.2871230e+00   2.7637852e+00   1.2965424e+00   2.2562316e+01   2.4137684e+01   2.2052082e+01   2.4647918e+01   1.6937817e+01   1.5544726e+01   1.5210553e+01   1.7196490e+01   5.7000000e+01   2.7717130e+01   1.8982870e+01   3.3644483e+00   2.0494881e+00   1.4544317e+00   3.8095158e+01
   3.2158317e+01   1.0149195e+01   1.0761618e+01   5.3156354e+00   1.0432384e+01   1.0928744e+01   7.9107007e+00   1.7247757e+01   1.7472214e+00   2.1650039e+00   4.2834925e+00   9.5518741e+00   1.7774268e+00   2.0705952e+00   3.0740965e+00   3.2522094e+00   2.3540399e+01   2.3159601e+01   2.2981203e+01   2.3718797e+01   1.5521002e+01   1.7793612e+01   1.5967872e+01   1.6139210e+01   5.7000000e+01   2.4071321e+01   2.2628679e+01   5.3234427e+00   8.0640058e+00   4.7419095e+00   1.0008830e+01
   2.6086049e+00   2.8843328e+00   1.8474737e+00   2.0235135e+00   2.3361464e+00   2.3094919e+00   2.5184151e+00   2.8538244e+00   1.2645870e+01   4.3025830e+00   4.1617691e+00   1.1515377e+00   2.5316074e+00   1.6199806e+00   1.2077877e+00   1.6064756e+00   1.9704011e+01   2.6995989e+01   2.4327079e+01   2.2372921e+01   1.5234258e+01   1.5184238e+01   1.5202859e+01   1.5108661e+01   5.7000000e+01   2.2654329e+01   2.4045671e+01   1.5279960e+00   1.4325687e+00   1.4676563e+00   3.0674227e+01
   8.8404152e+00   6.6964940e+00   1.5291896e+01   6.9067356e+00   6.9498904e+00   8.2159804e+00   3.0202092e+01   7.5906777e+00   6.9616226e+00   2.3855093e+00   2.1113846e+00   3.4739109e+00   3.7507380e+00   1.3569615e+00   1.8612391e+00   2.0117978e+00   2.1904096e+01   2.4795904e+01   2.4275281e+01   2.2424719e+01   1.6175928e+01   1.5512707e+01   1.5568582e+01   1.7643491e+01   5.7000000e+01   2.1652151e+01   2.5047849e+01   1.5930901e+00   3.9226733e+00   1.9272411e+01   8.5475818e+00
   4.9459053e+00   1.0425078e+01   7.8427809e+00   7.3802789e+00   1.0619092e+01   6.0043334e+00   5.0589535e+00   2.2735252e+01   3.0732291e+00   4.4568274e+00   8.7279909e+00   4.8873398e+00   1.7609771e+00   3.5497411e+00   3.4930271e+00   2.4195491e+00   2.3715437e+01   2.2984563e+01   2.3307558e+01   2.3392442e+01   1.5955876e+01   1.5813734e+01   3.1071964e+01   1.6549051e+01   5.7000000e+01   2.4160695e+01   2.2539305e+01   4.3712047e+00   7.7276130e+00   6.4724102e+00   7.7696660e+00
   5.6463331e+00   5.4483227e+00   4.6345007e+01   5.8393039e+00   6.5528678e+00   5.6681133e+00   3.7392319e+00   1.2400371e+01   1.7593795e+00   3.8862524e+00   1.6870925e+00   9.2807029e+00   1.7809609e+00   3.1356879e+00   1.4551523e+00   6.2470903e+00   2.4364410e+01   2.2335590e+01   2.2734422e+01   2.3965578e+01   1.5488690e+01   1.5525495e+01   1.6223057e+01   1.5882994e+01   5.7000000e+01   2.3974879e+01   2.2725121e+01   7.2421081e+00   1.9513999e+01   4.1407028e+00   9.0767033e+00
   4.2309685e+00   5.1122110e+00   4.9966636e+00   4.5025468e+00   5.1499552e+00   4.4640515e+00   1.1396584e+01   4.7603363e+00   1.5944089e+00   6.0553240e+00   1.7364224e+00   5.6791309e+00   1.5614044e+00   1.6797187e+00   3.9453510e+00   1.4361144e+00   1.0484094e+01   3.6215906e+01   1.0805380e+01   3.5894620e+01   1.5623285e+01   1.5709489e+01   1.5500231e+01   1.5306451e+01   5.7000000e+01   1.5432758e+01   3.1267242e+01   3.8021918e+00   4.3548732e+00   2.5664370e+00   2.2798476e+00
   6.2986261e+00   6.8917489e+00   9.1225574e+00   1.0769841e+01   1.3337341e+01   1.6158279e+01   9.4800456e+00   7.4227813e+00   2.4707192e+00   9.5923453e+00   3.8519264e+00   3.8505883e+00   1.9214173e+00   2.2499432e+00   2.1436071e+00   2.0669280e+00   1.1306625e+01   3.5393375e+01   1.1252387e+01   3.5447613e+01   1.6061220e+01   1.6013715e+01   1.6442362e+01   1.5992366e+01   5.7000000e+01   1.5455082e+01   3.1244918e+01   3.3448734e+01   9.9959789e+00   8.3796740e+00   2.5298613e+01
