   3.0612408e-01   2.7857039e-01   3.8794044e-01   1.4595847e-01
   2.2012829e-01   1.9484913e-01   3.8373136e-01   6.3807374e-01
   4.1372139e-01   3.9075888e-01   8.0307946e-01   3.6718320e-01
   1.1744707e-01   2.4096045e-01   5.9886382e-01   3.5624711e-01
   1.2105866e-01   5.2053681e-01   3.1709105e-01   1.0975003e-01
   1.2269933e-01   5.6197737e-01   4.0545688e-01   7.6053360e-01
   7.6233438e-02   6.2291346e-01   7.7342815e-01   2.4419011e-01
   8.8921607e-02   7.0635828e-01   5.6138527e-01   7.0616484e-01
   5.3948301e-01   3.7293462e-01   3.4626062e-01   4.7135118e-01
   1.3095741e-01   2.9091022e-01   3.2812528e-01   6.3473406e-01
   7.5103720e-01   3.9445911e-01   4.0607369e-01   2.9886106e-01
   5.7115010e-01   1.9310611e-01   5.5007382e-01   1.4498536e-01
   6.9065628e-01   6.7828489e-01   4.6899404e-01   1.7077246e-01
   7.7090024e-01   2.6947918e-01   2.0045367e-01   7.1472270e-01
   1.3469579e-01   5.5778261e-01   5.3809476e-01   2.1354244e-01
   2.2756996e-01   3.6501662e-01   4.9310222e-01   5.1230820e-01
