   2.9687667e+00   1.0000000e+00   1.0434934e+00   1.0000000e+00   1.9000780e+00   5.4854236e+00   1.8205152e+01   6.0513856e+00   8.6673852e+00   6.7108448e+00   1.2122793e+01   1.6439805e+01   4.2707805e+00   9.2645001e+00   1.3846192e+01   1.6142495e+01   2.2196626e+01   2.5103374e+01   2.6868005e+01   2.0431995e+01   4.5061641e+01   2.5846677e+01   3.6834815e+01   4.9341087e+01   5.7000000e+01   2.6785369e+01   2.0514631e+01   1.1333187e+01   5.3820373e+00   2.9159632e+01   1.2802988e+01
   2.9403590e+00   1.0000000e+00   1.0684939e+00   1.0216051e+00   1.9161863e+00   5.5456264e+00   1.7521725e+01   6.1134416e+00   8.6525437e+00   6.7192664e+00   1.2200823e+01   1.6116061e+01   4.1994544e+00   9.3831503e+00   1.3385597e+01   1.7058134e+01   2.1880168e+01   2.5419832e+01   2.7185521e+01   2.0114479e+01   4.4964026e+01   2.6644477e+01   3.6486342e+01   4.9548096e+01   5.7000000e+01   2.6783252e+01   2.0516748e+01   1.1823225e+01   5.5623086e+00   2.8858465e+01   1.2915036e+01
   2.9248938e+00   1.0000000e+00   1.0783195e+00   1.0000000e+00   1.8947888e+00   5.5494945e+00   1.7477728e+01   6.1079085e+00   8.6744776e+00   6.7700239e+00   1.2438382e+01   1.6507863e+01   4.2842347e+00   9.1692035e+00   1.3396862e+01   1.6693068e+01   2.1628211e+01   2.5671789e+01   2.7981165e+01   1.9318835e+01   4.4855202e+01   2.7032934e+01   3.5271004e+01   5.0000000e+01   5.7000000e+01   2.6996418e+01   2.0303582e+01   1.1469216e+01   5.3971717e+00   2.9888970e+01   1.3386921e+01
   2.9664250e+00   1.0288964e+00   1.0450288e+00   1.0043709e+00   1.9799341e+00   5.3958946e+00   1.7347124e+01   6.0410741e+00   8.5790462e+00   6.6862384e+00   1.2079929e+01   1.6562939e+01   4.3158350e+00   8.9881256e+00   1.3098107e+01   1.6775311e+01   2.2390207e+01   2.4909793e+01   2.7160888e+01   2.0139112e+01   4.5140570e+01   2.6801218e+01   3.5494613e+01   4.9709481e+01   5.7000000e+01   2.6699535e+01   2.0600465e+01   1.1477513e+01   5.5900908e+00   2.9233822e+01   1.3224279e+01
   2.9336955e+00   1.0294743e+00   1.0205383e+00   1.0279124e+00   1.9499371e+00   5.5690130e+00   1.7743273e+01   5.8764981e+00   8.6971783e+00   6.6772603e+00   1.1868578e+01   1.6911932e+01   4.2813421e+00   9.3827746e+00   1.3449978e+01   1.6486657e+01   2.2083571e+01   2.5216429e+01   2.6974178e+01   2.0325822e+01   4.4804999e+01   2.6668576e+01   3.6598385e+01   5.0000000e+01   5.7000000e+01   2.7042217e+01   2.0257783e+01   1.1245301e+01   5.5687839e+00   2.9888635e+01   1.3550740e+01
   2.9368353e+00   1.0151493e+00   1.0420941e+00   1.0000000e+00   1.9438320e+00   5.4879952e+00   1.8013054e+01   6.0030116e+00   8.6541843e+00   6.6829614e+00   1.1910708e+01   1.6873244e+01   4.3356673e+00   8.9046723e+00   1.3252331e+01   1.6639164e+01   2.2214537e+01   2.5085463e+01   2.7112924e+01   2.0187076e+01   4.4451280e+01   2.6976628e+01   3.6913683e+01   4.9353027e+01   5.7000000e+01   2.6741915e+01   2.0558085e+01   1.1572174e+01   5.3557139e+00   2.8876062e+01   1.3094560e+01
   2.9920075e+00   1.0000000e+00   1.0340080e+00   1.0007295e+00   1.8946794e+00   5.3794516e+00   1.7746041e+01   5.8391532e+00   8.6356035e+00   6.7173109e+00   1.2097645e+01   1.7025812e+01   4.2491837e+00   9.3297009e+00   1.3752774e+01   1.6237838e+01   2.1711380e+01   2.5588620e+01   2.6741220e+01   2.0558780e+01   4.5231890e+01   2.6977562e+01   3.6951399e+01   4.8872478e+01   5.7000000e+01   2.6854610e+01   2.0445390e+01   1.1725969e+01   5.4554582e+00   2.9382923e+01   1.3581594e+01
   2.9329960e+00   1.0000000e+00   1.0580229e+00   1.0000000e+00   2.0005839e+00   5.5113407e+00   1.7812090e+01   5.8984439e+00   8.6655128e+00   6.6658420e+00   1.1777528e+01   1.6786260e+01   4.3119723e+00   9.1111895e+00   1.3070976e+01   1.6230353e+01   2.1462207e+01   2.5837793e+01   2.7014568e+01   2.0285432e+01   4.5201102e+01   2.6884007e+01   3.5317810e+01   4.8740226e+01   5.7000000e+01   2.6863049e+01   2.0436951e+01   1.1214149e+01   5.3633014e+00   2.9876085e+01   1.3479378e+01
   2.9152527e+00   1.0000000e+00   1.0765660e+00   1.0021316e+00   1.9108855e+00   5.5962098e+00   1.8211444e+01   6.0444966e+00   8.5969442e+00   6.6885478e+00   1.2085131e+01   1.6204851e+01   4.3332488e+00   9.3098534e+00   1.3639981e+01   1.6757830e+01   2.1579814e+01   2.5720186e+01   2.6698953e+01   2.0601047e+01   4.4644120e+01   2.6776834e+01   3.5495157e+01   4.8839388e+01   5.7000000e+01   2.6754642e+01   2.0545358e+01   1.1370056e+01   5.3507754e+00   3.0081346e+01   1.3315004e+01
   3.0155358e+00   1.0210093e+00   1.0679738e+00   1.0000000e+00   1.9454272e+00   5.4626651e+00   1.8210869e+01   5.8718408e+00   8.6647920e+00   6.7109428e+00   1.2228524e+01   1.6667213e+01   4.3240026e+00   9.1127340e+00   1.3398016e+01   1.6552086e+01   2.1800994e+01   2.5499006e+01   2.6722063e+01   2.0577937e+01   4.4306888e+01   2.6252311e+01   3.5102086e+01   5.0000000e+01   5.7000000e+01   2.6728396e+01   2.0571604e+01   1.1612923e+01   5.4998423e+00   2.8685423e+01   1.3523436e+01
   3.0427653e+00   1.0032569e+00   1.0756020e+00   1.0000000e+00   1.8984476e+00   5.4145520e+00   1.7963708e+01   5.8014245e+00   8.4825128e+00   6.7517633e+00   1.2275456e+01   1.6420823e+01   4.3415116e+00   9.4231581e+00   1.3550749e+01   1.6529371e+01   2.1808676e+01   2.5491324e+01   2.7400042e+01   1.9899958e+01   4.4759425e+01   2.6461875e+01   3.5794395e+01   4.9214915e+01   5.7000000e+01   2.6875015e+01   2.0424985e+01   1.1481412e+01   5.6195681e+00   2.9748905e+01   1.2842047e+01
   3.0741484e+00   1.0000000e+00   1.0763246e+00   1.0000000e+00   1.9346877e+00   5.4852568e+00   1.7337112e+01   5.7906461e+00   8.6056080e+00   6.6869511e+00   1.2186356e+01   1.6794149e+01   4.3037199e+00   9.0887080e+00   1.3213884e+01   1.7072042e+01   2.2386820e+01   2.4913180e+01   2.7283640e+01   2.0016360e+01   4.5199718e+01   2.5692037e+01   3.6186450e+01   5.0000000e+01   5.7000000e+01   2.6804865e+01   2.0495135e+01   1.1214843e+01   5.6601473e+00   3.0033166e+01   1.3366186e+01
   3.0736605e+00   1.0000000e+00   1.0593276e+00   1.0000000e+00   2.0052535e+00   5.3979320e+00   1.7533590e+01   5.9724737e+00   8.6160169e+00   6.6180275e+00   1.2322988e+01   1.6430106e+01   4.3251297e+00   9.4148935e+00   1.3269364e+01   1.6921884e+01   2.1707721e+01   2.5592279e+01   2.8264266e+01   1.9035734e+01   4.5137625e+01   2.6571946e+01   3.5584945e+01   4.9705901e+01   5.7000000e+01   2.6721317e+01   2.0578683e+01   1.1751163e+01   5.5738288e+00   3.0143823e+01   1.3347907e+01
   2.9153059e+00   1.0260590e+00   1.0810782e+00   1.0000000e+00   1.9584860e+00   5.4814099e+00   1.7800148e+01   5.8485766e+00   8.5139235e+00   6.7183830e+00   1.1971665e+01   1.6518630e+01   4.2297859e+00   9.2487639e+00   1.3736345e+01   1.6939079e+01   2.2216287e+01   2.5083713e+01   2.6965354e+01   2.0334646e+01   4.5158397e+01   2.6154527e+01   3.6321213e+01   4.9920988e+01   5.7000000e+01   2.6748972e+01   2.0551028e+01   1.1443872e+01   5.3894711e+00   3.0293064e+01   1.3253905e+01
   2.9124637e+00   1.0000000e+00   1.0605558e+00   1.0299537e+00   2.0002217e+00   5.3979517e+00   1.7676608e+01   5.9761286e+00   8.5200116e+00   6.7655820e+00   1.2220768e+01   1.6598523e+01   4.2979607e+00   9.2636527e+00   1.3578163e+01   1.6844037e+01   2.1933301e+01   2.5366699e+01   2.8018611e+01   1.9281389e+01   4.5259310e+01   2.6617067e+01   3.4939680e+01   5.0000000e+01   5.7000000e+01   2.7039931e+01   2.0260069e+01   1.1676247e+01   5.3821253e+00   2.8695703e+01   1.3025835e+01
   3.0305550e+00   1.0254383e+00   1.0484898e+00   1.0054191e+00   1.9545481e+00   5.3564506e+00   1.7670524e+01   5.9435626e+00   8.6042464e+00   6.6652717e+00   1.1966734e+01   1.6362556e+01   4.1780973e+00   9.2791236e+00   1.3536876e+01   1.6499882e+01   2.1513390e+01   2.5786610e+01   2.7524136e+01   1.9775864e+01   4.5031002e+01   2.6569805e+01   3.6967488e+01   4.9681137e+01   5.7000000e+01   2.6776131e+01   2.0523869e+01   1.1306155e+01   5.3918163e+00   2.9170384e+01   1.3528939e+01
   3.0020641e+00   1.0166208e+00   1.0589976e+00   1.0252787e+00   1.9191147e+00   5.3652339e+00   1.8108428e+01   6.0642755e+00   8.6185212e+00   6.4965666e+00   1.2241947e+01   1.6675674e+01   4.2600515e+00   9.1368158e+00   1.3637036e+01   1.7061833e+01   2.2351632e+01   2.4948368e+01   2.7599897e+01   1.9700103e+01   4.5156768e+01   2.6599627e+01   3.7031144e+01   5.0000000e+01   5.7000000e+01   2.6740644e+01   2.0559356e+01   1.1647236e+01   5.4181271e+00   2.9545168e+01   1.3020401e+01
   2.9285180e+00   1.0000000e+00   1.0363125e+00   1.0186728e+00   1.8966944e+00   5.4317465e+00   1.7525180e+01   5.9691575e+00   8.6533637e+00   6.7253383e+00   1.1878009e+01   1.6172245e+01   4.3168465e+00   9.3269068e+00   1.3163910e+01   1.6534536e+01   2.1786570e+01   2.5513430e+01   2.7962175e+01   1.9337825e+01   4.5236412e+01   2.6798120e+01   3.5118799e+01   5.0000000e+01   5.7000000e+01   2.7036349e+01   2.0263651e+01   1.1734847e+01   5.6344140e+00   2.8711277e+01   1.2960870e+01
   2.9277480e+00   1.0000000e+00   1.0407116e+00   1.0000000e+00   1.9368393e+00   5.6057153e+00   1.8315748e+01   5.8671233e+00   8.6916054e+00   6.7480017e+00   1.2189374e+01   1.6694203e+01   4.3432191e+00   9.2628353e+00   1.3470919e+01   1.6844593e+01   2.2314846e+01   2.4985154e+01   2.7411002e+01   1.9888998e+01   4.4707380e+01   2.6248291e+01   3.6193415e+01   4.9787983e+01   5.7000000e+01   2.6973932e+01   2.0326068e+01   1.1640933e+01   5.6027957e+00   2.9604013e+01   1.2971095e+01
   3.0411634e+00   1.0000000e+00   1.0398749e+00   1.0000000e+00   1.9268198e+00   5.3526231e+00   1.7371237e+01   5.8347348e+00   8.6468337e+00   6.7198114e+00   1.1807476e+01   1.6231312e+01   4.2720354e+00   9.1456911e+00   1.3828382e+01   1.6586454e+01   2.1871252e+01   2.5428748e+01   2.7472507e+01   1.9827493e+01   4.4897407e+01   2.6954068e+01   3.6428750e+01   5.0000000e+01   5.7000000e+01   2.6804326e+01   2.0495674e+01   1.1223762e+01   5.6112140e+00   3.0254283e+01   1.3376972e+01
   3.0366405e+00   1.0000000e+00   1.0211868e+00   1.0023394e+00   1.9558362e+00   5.3431751e+00   1.7618617e+01   5.8176236e+00   8.4626003e+00   6.7350667e+00   1.2149020e+01   1.6385787e+01   4.2832335e+00   9.0349316e+00   1.3529108e+01   1.6316513e+01   2.1893305e+01   2.5406695e+01   2.7123916e+01   2.0176084e+01   4.5283695e+01   2.6899290e+01   3.6659835e+01   5.0000000e+01   5.7000000e+01   2.6760356e+01   2.0539644e+01   1.1687398e+01   5.4132201e+00   2.8855259e+01   1.3326817e+01
   3.0669784e+00   1.0000000e+00   1.0492620e+00   1.0228784e+00   1.9506523e+00   5.6018064e+00   1.7642051e+01   5.9941038e+00   8.6611959e+00   6.7158550e+00   1.2423245e+01   1.6692274e+01   4.2598294e+00   9.3796981e+00   1.3619891e+01   1.6483786e+01   2.2101507e+01   2.5198493e+01   2.7520714e+01   1.9779286e+01   4.4562045e+01   2.6218692e+01   3.6850756e+01   4.8611194e+01   5.7000000e+01   2.7005180e+01   2.0294820e+01   1.1785761e+01   5.4404009e+00   2.9539710e+01   1.3037419e+01
   3.0874083e+00   1.0000000e+00   1.0383703e+00   1.0000000e+00   1.9283305e+00   5.4715949e+00   1.7446956e+01   5.9320739e+00   8.6876065e+00   6.6717594e+00   1.1963553e+01   1.6529296e+01   4.2684369e+00   9.3623029e+00   1.3325924e+01   1.6287706e+01   2.2007683e+01   2.5292317e+01   2.7944450e+01   1.9355550e+01   4.5045114e+01   2.6136699e+01   3.5160404e+01   5.0000000e+01   5.7000000e+01   2.7043250e+01   2.0256750e+01   1.1173951e+01   5.6034029e+00   3.0157942e+01   1.2892300e+01
   2.9772936e+00   1.0000000e+00   1.0394004e+00   1.0000000e+00   1.9975131e+00   5.4585473e+00   1.8298002e+01   5.9378235e+00   8.5886813e+00   6.5884602e+00   1.2447038e+01   1.6108448e+01   4.3079245e+00   9.3582632e+00   1.3186936e+01   1.6460635e+01   2.1199426e+01   2.6100574e+01   2.7019444e+01   2.0280556e+01   4.5266950e+01   2.6901829e+01   3.6523521e+01   4.9626347e+01   5.7000000e+01   2.7025910e+01   2.0274090e+01   1.1494766e+01   5.3737191e+00   2.8694299e+01   1.2871458e+01
   3.0671552e+00   1.0000000e+00   1.0702441e+00   1.0236391e+00   1.9883924e+00   5.3569192e+00   1.7440274e+01   5.7857178e+00   8.6307911e+00   6.7328004e+00   1.2444386e+01   1.7012594e+01   4.1856929e+00   9.1915334e+00   1.3515670e+01   1.6790582e+01   2.1308629e+01   2.5991371e+01   2.7488296e+01   1.9811704e+01   4.4925388e+01   2.6390629e+01   3.6918451e+01   4.8961818e+01   5.7000000e+01   2.6846847e+01   2.0453153e+01   1.1345115e+01   5.4801076e+00   2.9817963e+01   1.3138485e+01
   3.0524615e+00   1.0000000e+00   1.0341352e+00   1.0042590e+00   1.9651671e+00   5.4297685e+00   1.8327530e+01   5.9262623e+00   8.7028603e+00   6.7183587e+00   1.2193025e+01   1.6597000e+01   4.1817468e+00   9.3985335e+00   1.3657976e+01   1.6471362e+01   2.1499785e+01   2.5800215e+01   2.7506585e+01   1.9793415e+01   4.4932373e+01   2.6553332e+01   3.6344415e+01   5.0000000e+01   5.7000000e+01   2.7019609e+01   2.0280391e+01   1.1636047e+01   5.4178741e+00   2.9975591e+01   1.2986174e+01
   2.9467158e+00   1.0097161e+00   1.0448855e+00   1.0000000e+00   1.9199125e+00   5.6108021e+00   1.7682092e+01   5.9254851e+00   8.5998588e+00   6.6710099e+00   1.2012273e+01   1.6609218e+01   4.3259911e+00   9.2911248e+00   1.3142621e+01   1.6930212e+01   2.2299678e+01   2.5000322e+01   2.7949225e+01   1.9350775e+01   4.5266476e+01   2.6054663e+01   3.6374439e+01   5.0000000e+01   5.7000000e+01   2.7006815e+01   2.0293185e+01   1.1422738e+01   5.4494498e+00   3.0344616e+01   1.2827962e+01
   2.9642631e+00   1.0000000e+00   1.0785537e+00   1.0296758e+00   1.8916472e+00   5.4541434e+00   1.7904072e+01   6.1017430e+00   8.6642359e+00   6.4950164e+00   1.2050370e+01   1.6955285e+01   4.2126935e+00   9.2350662e+00   1.3079685e+01   1.6546453e+01   2.1307137e+01   2.5992863e+01   2.7513765e+01   1.9786235e+01   4.5013521e+01   2.6890120e+01   3.6736275e+01   5.0000000e+01   5.7000000e+01   2.6740636e+01   2.0559364e+01   1.1174896e+01   5.5609923e+00   2.9117704e+01   1.2812079e+01
   3.0153503e+00   1.0238251e+00   1.0458657e+00   1.0000000e+00   1.9497278e+00   5.5948497e+00   1.7896008e+01   6.0076057e+00   8.6632708e+00   6.7689674e+00   1.2116376e+01   1.6813509e+01   4.1227394e+00   9.0127147e+00   1.3287200e+01   1.6236763e+01   2.1912120e+01   2.5387880e+01   2.7697130e+01   1.9602870e+01   4.5249860e+01   2.6381364e+01   3.5094281e+01   5.0000000e+01   5.7000000e+01   2.6876624e+01   2.0423376e+01   1.1195753e+01   5.5819286e+00   2.9090292e+01   1.3412564e+01
   2.9460857e+00   1.0230546e+00   1.0369731e+00   1.0000000e+00   1.8981132e+00   5.5881679e+00   1.7809984e+01   6.1284341e+00   8.6764420e+00   6.7170621e+00   1.2061988e+01   1.6430688e+01   4.2643808e+00   9.0091750e+00   1.3741218e+01   1.6844335e+01   2.1782468e+01   2.5517532e+01   2.7543451e+01   1.9756549e+01   4.5010391e+01   2.5485348e+01   3.5828834e+01   4.8876815e+01   5.7000000e+01   2.6799644e+01   2.0500356e+01   1.1625948e+01   5.3569809e+00   2.9890638e+01   1.2927515e+01
   3.0432581e+00   1.0000000e+00   1.0818879e+00   1.0119697e+00   1.9129947e+00   5.4285210e+00   1.7689482e+01   5.9689824e+00   8.6920675e+00   6.4587151e+00   1.2284322e+01   1.6097042e+01   4.3321654e+00   9.1689539e+00   1.3525148e+01   1.6708121e+01   2.1539511e+01   2.5760489e+01   2.7997421e+01   1.9302579e+01   4.5196697e+01   2.6049906e+01   3.7069508e+01   5.0000000e+01   5.7000000e+01   2.6703049e+01   2.0596951e+01   1.1825296e+01   5.5720074e+00   2.9166818e+01   1.3553727e+01
   3.0011328e+00   1.0000000e+00   1.0353235e+00   1.0029734e+00   1.9081798e+00   5.4692958e+00   1.8298926e+01   5.9599459e+00   8.6832405e+00   6.6730088e+00   1.2128598e+01   1.6626978e+01   4.1317284e+00   9.4086648e+00   1.3393836e+01   1.6591867e+01   2.2386304e+01   2.4913696e+01   2.7538198e+01   1.9761802e+01   4.4939775e+01   2.5896344e+01   3.6525673e+01   4.9795351e+01   5.7000000e+01   2.6916342e+01   2.0383658e+01   1.1400307e+01   5.3731262e+00   2.9495302e+01   1.3185598e+01
   3.0652456e+00   1.0000000e+00   1.0680979e+00   1.0188613e+00   1.9646568e+00   5.3745149e+00   1.7553036e+01   5.9625534e+00   8.6895705e+00   6.7541819e+00   1.1754316e+01   1.7057732e+01   4.3391656e+00   9.0400404e+00   1.3289957e+01   1.6272899e+01   2.1660888e+01   2.5639112e+01   2.7070013e+01   2.0229987e+01   4.5164654e+01   2.5632550e+01   3.6593426e+01   5.0000000e+01   5.7000000e+01   2.6881280e+01   2.0418720e+01   1.1788851e+01   5.5688289e+00   2.9009342e+01   1.2980277e+01
   3.0257386e+00   1.0030294e+00   1.0395198e+00   1.0225581e+00   1.9957530e+00   5.3015909e+00   1.7410542e+01   5.9951517e+00   8.5611398e+00   6.7598659e+00   1.2407829e+01   1.6863844e+01   4.1683190e+00   9.2104758e+00   1.3227258e+01   1.6219680e+01   2.2363763e+01   2.4936237e+01   2.7839908e+01   1.9460092e+01   4.5215502e+01   2.6725517e+01   3.6539380e+01   5.0000000e+01   5.7000000e+01   2.7244612e+01   2.0055388e+01   1.1341971e+01   5.4367066e+00   2.9689071e+01   1.2903831e+01
   2.9609812e+00   1.0243179e+00   1.0568857e+00   1.0168480e+00   1.9897624e+00   5.4034528e+00   1.8193577e+01   5.9109549e+00   8.6669720e+00   6.6642714e+00   1.2410062e+01   1.6584640e+01   4.1859613e+00   9.0021905e+00   1.3590074e+01   1.6815749e+01   2.1429336e+01   2.5870664e+01   2.7350976e+01   1.9949024e+01   4.5188563e+01   2.6937650e+01   3.6180081e+01   4.9107074e+01   5.7000000e+01   2.7002050e+01   2.0297950e+01   1.1721728e+01   5.3820702e+00   3.0223635e+01   1.3300502e+01
   2.9887831e+00   1.0000000e+00   1.0519597e+00   1.0000000e+00   1.9464812e+00   5.3210331e+00   1.8255892e+01   5.9076105e+00   8.6984701e+00   6.7629708e+00   1.2312720e+01   1.6939300e+01   4.1031630e+00   9.0085372e+00   1.3226983e+01   1.7019056e+01   2.1390713e+01   2.5909287e+01   2.8143975e+01   1.9156025e+01   4.4528101e+01   2.6809379e+01   3.6203722e+01   5.0000000e+01   5.7000000e+01   2.6791709e+01   2.0508291e+01   1.1443808e+01   5.4388119e+00   3.0293961e+01   1.2827966e+01
   3.0108825e+00   1.0122014e+00   1.0652308e+00   1.0000000e+00   1.9822933e+00   5.5616863e+00   1.7427977e+01   5.9993960e+00   8.6651356e+00   6.6380670e+00   1.2332897e+01   1.7013454e+01   4.1526426e+00   9.2583383e+00   1.3362409e+01   1.6111322e+01   2.1387966e+01   2.5912034e+01   2.7335410e+01   1.9964590e+01   4.4861861e+01   2.5601639e+01   3.7065567e+01   5.0000000e+01   5.7000000e+01   2.6750251e+01   2.0549749e+01   1.1468523e+01   5.5010729e+00   3.0127312e+01   1.3259136e+01
   3.0679742e+00   1.0283715e+00   1.0668664e+00   1.0000000e+00   1.9386598e+00   5.5920041e+00   1.7355696e+01   6.0942623e+00   8.4930213e+00   6.7643680e+00   1.1936406e+01   1.6791032e+01   4.1740482e+00   9.2814928e+00   1.3485591e+01   1.6492118e+01   2.1324476e+01   2.5975524e+01   2.7047941e+01   2.0252059e+01   4.4844170e+01   2.6560203e+01   3.5315890e+01   5.0000000e+01   5.7000000e+01   2.6819200e+01   2.0480800e+01   1.1640726e+01   5.3360500e+00   2.9265294e+01   1.3068958e+01
   3.0864611e+00   1.0000000e+00   1.0531474e+00   1.0000000e+00   1.9501356e+00   5.4604978e+00   1.8155463e+01   6.0999770e+00   8.6837328e+00   6.6366873e+00   1.2162268e+01   1.6798971e+01   4.2891845e+00   9.2334952e+00   1.3580497e+01   1.6488812e+01   2.1323475e+01   2.5976525e+01   2.7918147e+01   1.9381853e+01   4.4734702e+01   2.6703338e+01   3.6371257e+01   5.0000000e+01   5.7000000e+01   2.6801243e+01   2.0498757e+01   1.1827863e+01   5.5948200e+00   2.9656153e+01   1.3481794e+01
   3.0493978e+00   1.0000000e+00   1.0203873e+00   1.0000000e+00   1.9724967e+00   5.3880365e+00   1.7344158e+01   5.8119846e+00   8.5967226e+00   6.6265634e+00   1.2295611e+01   1.6731828e+01   4.1893841e+00   9.4089562e+00   1.3681744e+01   1.6167416e+01   2.1649329e+01   2.5650671e+01   2.7879133e+01   1.9420867e+01   4.4900045e+01   2.5924330e+01   3.6727754e+01   4.8889493e+01   5.7000000e+01   2.6789259e+01   2.0510741e+01   1.1189076e+01   5.6227073e+00   2.8901254e+01   1.3008663e+01
   3.0743106e+00   1.0044737e+00   1.0555824e+00   1.0110539e+00   1.9022297e+00   5.3010932e+00   1.7571206e+01   5.9233808e+00   8.6535169e+00   6.6936202e+00   1.2301370e+01   1.6914835e+01   4.2691709e+00   9.4110363e+00   1.3608362e+01   1.6429241e+01   2.2156930e+01   2.5143070e+01   2.8324682e+01   1.8975318e+01   4.5169433e+01   2.6431447e+01   3.7057953e+01   4.9585194e+01   5.7000000e+01   2.7318354e+01   1.9981646e+01   1.1839793e+01   5.3760311e+00   2.9716540e+01   1.3533681e+01
   2.9592543e+00   1.0000000e+00   1.0602760e+00   1.0188338e+00   1.9949566e+00   5.4226253e+00   1.7906638e+01   5.9814815e+00   8.6053203e+00   6.6972885e+00   1.2151937e+01   1.6834178e+01   4.2968923e+00   9.1932098e+00   1.3396153e+01   1.6308419e+01   2.2302748e+01   2.4997252e+01   2.8339036e+01   1.8960964e+01   4.5235052e+01   2.6939522e+01   3.6359478e+01   4.9133499e+01   5.7000000e+01   2.7074966e+01   2.0225034e+01   1.1618499e+01   5.4796381e+00   2.9746621e+01   1.3325430e+01
   2.9854625e+00   1.0156749e+00   1.0245670e+00   1.0252638e+00   1.9210644e+00   5.4929165e+00   1.7836015e+01   6.1195901e+00   8.6656301e+00   6.6942231e+00   1.2304466e+01   1.6463126e+01   4.1172630e+00   9.0000549e+00   1.3361202e+01   1.6091268e+01   2.1202070e+01   2.6097930e+01   2.7372365e+01   1.9927635e+01   4.5124565e+01   2.5532252e+01   3.5576140e+01   5.0000000e+01   5.7000000e+01   2.6733316e+01   2.0566684e+01   1.1233762e+01   5.4930206e+00   2.9763295e+01   1.3271648e+01
   3.0243271e+00   1.0120235e+00   1.0245764e+00   1.0000000e+00   1.9067724e+00   5.3315652e+00   1.7365651e+01   5.8429174e+00   8.3032619e+00   6.7131879e+00   1.2156439e+01   1.6256584e+01   4.3333617e+00   9.3620817e+00   1.3600141e+01   1.7049091e+01   2.2160865e+01   2.5139135e+01   2.6878342e+01   2.0421658e+01   4.5169491e+01   2.6091750e+01   3.6651482e+01   4.9896502e+01   5.7000000e+01   2.6750458e+01   2.0549542e+01   1.1549003e+01   5.3910328e+00   2.8902473e+01   1.3007848e+01
   2.9931343e+00   1.0028833e+00   1.0650119e+00   1.0000000e+00   1.9407985e+00   5.4855948e+00   1.7606065e+01   5.8907306e+00   8.6720993e+00   6.6638301e+00   1.2414458e+01   1.6261094e+01   4.1764948e+00   9.3609156e+00   1.3123853e+01   1.7057763e+01   2.1517658e+01   2.5782342e+01   2.6819724e+01   2.0480276e+01   4.4832555e+01   2.6035052e+01   3.5471485e+01   4.9347266e+01   5.7000000e+01   2.7136693e+01   2.0163307e+01   1.1423969e+01   5.5284296e+00   2.9789605e+01   1.3133544e+01
   3.0490337e+00   1.0000000e+00   1.0588034e+00   1.0000000e+00   1.9229592e+00   5.4869213e+00   1.7415052e+01   6.0500055e+00   8.7010954e+00   6.5285741e+00   1.2191874e+01   1.6690480e+01   4.2455113e+00   9.1743910e+00   1.3812869e+01   1.7066888e+01   2.1842249e+01   2.5457751e+01   2.7921076e+01   1.9378924e+01   4.5184657e+01   2.6641494e+01   3.6029625e+01   5.0000000e+01   5.7000000e+01   2.6932254e+01   2.0367746e+01   1.1155993e+01   5.4550864e+00   2.8962764e+01   1.3168491e+01
   3.0861858e+00   1.0000000e+00   1.0483327e+00   1.0000000e+00   1.9677497e+00   5.4527986e+00   1.7528425e+01   5.9136181e+00   8.6078654e+00   6.6997495e+00   1.2009498e+01   1.6519916e+01   4.3429913e+00   9.0513563e+00   1.3256610e+01   1.6506370e+01   2.1374379e+01   2.5925621e+01   2.8035861e+01   1.9264139e+01   4.5086424e+01   2.6673840e+01   3.5380109e+01   4.9252964e+01   5.7000000e+01   2.6772527e+01   2.0527473e+01   1.1821531e+01   5.4747661e+00   2.8705545e+01   1.3188686e+01
   3.0083284e+00   1.0000000e+00   1.0301746e+00   1.0000000e+00   1.9676976e+00   5.5367836e+00   1.7631884e+01   5.8560554e+00   8.6289051e+00   6.6762498e+00   1.2163008e+01   1.6954119e+01   4.2808914e+00   8.9526904e+00   1.3091402e+01   1.6823817e+01   2.1382436e+01   2.5917564e+01   2.8009473e+01   1.9290527e+01   4.5205798e+01   2.6807725e+01   3.6288055e+01   4.9105996e+01   5.7000000e+01   2.6857979e+01   2.0442021e+01   1.1713545e+01   5.4980374e+00   3.0027531e+01   1.3385158e+01
   3.0480768e+00   1.0008161e+00   1.0314618e+00   1.0292717e+00   1.9761575e+00   5.3464619e+00   1.8132880e+01   5.9860299e+00   8.6732822e+00   6.7706488e+00   1.2174667e+01   1.6483773e+01   4.3348945e+00   9.1684834e+00   1.3282246e+01   1.6342120e+01   2.2196541e+01   2.5103459e+01   2.7486127e+01   1.9813873e+01   4.3526653e+01   2.5973881e+01   3.4971222e+01   4.9987083e+01   5.7000000e+01   2.6804590e+01   2.0495410e+01   1.1534233e+01   5.4636258e+00   2.9672114e+01   1.3294889e+01
   3.0077304e+00   1.0000000e+00   1.0718289e+00   1.0000000e+00   1.8917919e+00   5.5162042e+00   1.7326552e+01   6.0980870e+00   8.4408003e+00   6.6541380e+00   1.1932889e+01   1.6689262e+01   4.0976818e+00   9.2560591e+00   1.3588373e+01   1.7010462e+01   2.1697926e+01   2.5602074e+01   2.6750020e+01   2.0549980e+01   4.4967025e+01   2.6917165e+01   3.6742386e+01   5.0000000e+01   5.7000000e+01   2.6726042e+01   2.0573958e+01   1.1177420e+01   5.3546054e+00   3.0007208e+01   1.3084232e+01
   2.9853215e+00   1.0259427e+00   1.0529244e+00   1.0000000e+00   1.9975784e+00   5.5510703e+00   1.7527547e+01   6.1361366e+00   8.6067862e+00   6.7011874e+00   1.2061974e+01   1.6138369e+01   4.1192088e+00   9.2791208e+00   1.3163871e+01   1.6301741e+01   2.2003598e+01   2.5296402e+01   2.8224113e+01   1.9075887e+01   4.5019335e+01   2.6564750e+01   3.6097861e+01   5.0000000e+01   5.7000000e+01   2.6776147e+01   2.0523853e+01   1.1172354e+01   5.6393904e+00   2.8954312e+01   1.3273304e+01
   3.0766393e+00   1.0217624e+00   1.0331329e+00   1.0000000e+00   1.9158295e+00   5.4067387e+00   1.7950091e+01   6.1203796e+00   8.7017457e+00   6.6747214e+00   1.2032686e+01   1.6960287e+01   4.3086486e+00   8.9718693e+00   1.3063360e+01   1.6152085e+01   2.2280055e+01   2.5019945e+01   2.7710359e+01   1.9589641e+01   4.3957633e+01   2.6344981e+01   3.5343699e+01   4.9608416e+01   5.7000000e+01   2.6718430e+01   2.0581570e+01   1.1430206e+01   5.5748279e+00   2.9703532e+01   1.2922078e+01
   3.0273817e+00   1.0026782e+00   1.0658959e+00   1.0000000e+00   1.9387744e+00   5.4199113e+00   1.7861541e+01   5.8535485e+00   8.4420414e+00   6.7116242e+00   1.2277232e+01   1.6606508e+01   4.3319305e+00   9.3166686e+00   1.3721428e+01   1.6878322e+01   2.2299215e+01   2.5000785e+01   2.6698616e+01   2.0601384e+01   4.4112790e+01   2.6680589e+01   3.5407859e+01   4.9478320e+01   5.7000000e+01   2.6745833e+01   2.0554167e+01   1.1254136e+01   5.6440739e+00   3.0104216e+01   1.3347009e+01
   3.0693037e+00   1.0000000e+00   1.0299895e+00   1.0131234e+00   1.8982753e+00   5.5110270e+00   1.7624634e+01   6.0954211e+00   8.5193473e+00   6.7461596e+00   1.2202646e+01   1.6513127e+01   4.2190308e+00   9.3262127e+00   1.3438004e+01   1.6505960e+01   2.1999113e+01   2.5300887e+01   2.8265532e+01   1.9034468e+01   4.5169125e+01   2.6470023e+01   3.6488310e+01   4.9933334e+01   5.7000000e+01   2.6779147e+01   2.0520853e+01   1.1834946e+01   5.4568775e+00   2.9605465e+01   1.3213405e+01
   3.0500951e+00   1.0000000e+00   1.0695993e+00   1.0000000e+00   1.8995502e+00   5.5349751e+00   1.8125031e+01   6.0476525e+00   8.6317092e+00   6.4522794e+00   1.2172884e+01   1.6821328e+01   4.2201068e+00   9.3640175e+00   1.3803651e+01   1.6694952e+01   2.2396143e+01   2.4903857e+01   2.7550313e+01   1.9749687e+01   4.5196985e+01   2.5798269e+01   3.5180998e+01   4.9089496e+01   5.7000000e+01   2.6758499e+01   2.0541501e+01   1.1309648e+01   5.5177404e+00   3.0179943e+01   1.3164208e+01
   3.0763331e+00   1.0153078e+00   1.0568573e+00   1.0072144e+00   1.9020414e+00   5.4649632e+00   1.7569726e+01   6.0970396e+00   8.5933683e+00   6.7160954e+00   1.2201621e+01   1.6171077e+01   4.1603734e+00   9.4185537e+00   1.3366316e+01   1.6953873e+01   2.1194140e+01   2.6105860e+01   2.7184627e+01   2.0115373e+01   4.4881028e+01   2.5580763e+01   3.7048619e+01   4.9995885e+01   5.7000000e+01   2.6785590e+01   2.0514410e+01   1.1842600e+01   5.5989329e+00   2.8960508e+01   1.3352956e+01
   2.9695107e+00   1.0114714e+00   1.0430604e+00   1.0095790e+00   2.0058007e+00   5.4495243e+00   1.8263092e+01   5.8395936e+00   8.5995654e+00   6.7346874e+00   1.2019428e+01   1.6280735e+01   4.1651284e+00   9.4132744e+00   1.3576283e+01   1.7003492e+01   2.2301609e+01   2.4998391e+01   2.7775323e+01   1.9524677e+01   4.5050080e+01   2.5630432e+01   3.5192346e+01   5.0000000e+01   5.7000000e+01   2.6938076e+01   2.0361924e+01   1.1670104e+01   5.4704323e+00   2.9362173e+01   1.3074926e+01
   2.9691657e+00   1.0000000e+00   1.0382536e+00   1.0000000e+00   1.9928943e+00   5.3126219e+00   1.8326451e+01   6.1243590e+00   8.6113559e+00   6.5635127e+00   1.2095511e+01   1.6685485e+01   4.3209464e+00   9.1910231e+00   1.3749567e+01   1.6829223e+01   2.1403383e+01   2.5896617e+01   2.8093640e+01   1.9206360e+01   4.5240234e+01   2.5480503e+01   3.5222902e+01   5.0000000e+01   5.7000000e+01   2.6705080e+01   2.0594920e+01   1.1677488e+01   5.6043945e+00   2.9211238e+01   1.2957737e+01
   3.0474832e+00   1.0029670e+00   1.0803111e+00   1.0000000e+00   1.9007070e+00   5.4904461e+00   1.8152169e+01   5.9190164e+00   8.6746228e+00   6.6498072e+00   1.2435012e+01   1.6494634e+01   4.3148952e+00   9.3190369e+00   1.3627145e+01   1.6341956e+01   2.1417583e+01   2.5882417e+01   2.7620576e+01   1.9679424e+01   4.5028688e+01   2.5791642e+01   3.6455937e+01   4.8879196e+01   5.7000000e+01   2.7027258e+01   2.0272742e+01   1.1742126e+01   5.6293343e+00   2.9144335e+01   1.3111781e+01
   3.0581399e+00   1.0000000e+00   1.0811812e+00   1.0000000e+00   1.9535694e+00   5.4056268e+00   1.7678294e+01   5.8741114e+00   8.6566752e+00   6.5995359e+00   1.2171558e+01   1.6848962e+01   4.2249536e+00   9.2583434e+00   1.3181995e+01   1.6859916e+01   2.1193451e+01   2.6106549e+01   2.7910004e+01   1.9389996e+01   4.4194420e+01   2.6598315e+01   3.6016095e+01   5.0000000e+01   5.7000000e+01   2.6700623e+01   2.0599377e+01   1.1607432e+01   5.3416964e+00   2.9986807e+01   1.2938079e+01
   2.9506974e+00   1.0093245e+00   1.0498468e+00   1.0139885e+00   1.9350777e+00   5.3340043e+00   1.7942265e+01   5.7963111e+00   8.5678427e+00   6.6919720e+00   1.1795992e+01   1.6612210e+01   4.1682102e+00   9.2490393e+00   1.3807439e+01   1.6955831e+01   2.1590686e+01   2.5709314e+01   2.6736547e+01   2.0563453e+01   4.4077515e+01   2.6993217e+01   3.6822676e+01   5.0000000e+01   5.7000000e+01   2.6754229e+01   2.0545771e+01   1.1172218e+01   5.6122864e+00   3.0322165e+01   1.2889081e+01
   2.9732796e+00   1.0000000e+00   1.0752965e+00   1.0157034e+00   1.9622244e+00   5.4611109e+00   1.8314164e+01   5.8230497e+00   8.6615327e+00   6.6061091e+00   1.2391255e+01   1.6093992e+01   4.0946536e+00   9.1563491e+00   1.3766609e+01   1.6727798e+01   2.2412863e+01   2.4887137e+01   2.7390932e+01   1.9909068e+01   4.5127726e+01   2.5737531e+01   3.6698019e+01   4.9989838e+01   5.7000000e+01   2.6857521e+01   2.0442479e+01   1.1368673e+01   5.5125167e+00   2.8671609e+01   1.3030546e+01
   3.0260265e+00   1.0024002e+00   1.0617995e+00   1.0000000e+00   1.9928687e+00   5.5636975e+00   1.8266000e+01   6.0028149e+00   8.4771854e+00   6.7438710e+00   1.2207051e+01   1.6271685e+01   4.2577696e+00   9.0254273e+00   1.3227808e+01   1.6268853e+01   2.1517774e+01   2.5782226e+01   2.7157937e+01   2.0142063e+01   4.5313537e+01   2.6031168e+01   3.5194833e+01   5.0000000e+01   5.7000000e+01   2.6785810e+01   2.0514190e+01   1.1316536e+01   5.5017209e+00   2.9982758e+01   1.3520453e+01
   2.9101553e+00   1.0000000e+00   1.0320342e+00   1.0000000e+00   1.9620664e+00   5.4308668e+00   1.7580855e+01   6.0468396e+00   8.6645094e+00   6.7602648e+00   1.1899653e+01   1.6806025e+01   4.1139155e+00   9.1879876e+00   1.3482212e+01   1.6201859e+01   2.2043832e+01   2.5256168e+01   2.7546529e+01   1.9753471e+01   4.4540214e+01   2.6246860e+01   3.6955001e+01   5.0000000e+01   5.7000000e+01   2.6944735e+01   2.0355265e+01   1.1591810e+01   5.6359401e+00   2.9263440e+01   1.3111154e+01
   3.0310693e+00   1.0000000e+00   1.0469108e+00   1.0141246e+00   1.9711489e+00   5.5279020e+00   1.7740379e+01   5.9127881e+00   8.5656764e+00   6.6017322e+00   1.2005755e+01   1.7055919e+01   4.2960895e+00   9.0043134e+00   1.3298091e+01   1.6493985e+01   2.1771348e+01   2.5528652e+01   2.7430140e+01   1.9869860e+01   4.5053633e+01   2.6225332e+01   3.6022103e+01   5.0000000e+01   5.7000000e+01   2.6789037e+01   2.0510963e+01   1.1372282e+01   5.6299855e+00   2.9121236e+01   1.3136202e+01
   3.0226589e+00   1.0134109e+00   1.0394629e+00   1.0105085e+00   1.9416879e+00   5.4121917e+00   1.8280600e+01   6.0320536e+00   8.5468759e+00   6.7092744e+00   1.2132171e+01   1.6215461e+01   4.2624423e+00   9.3034484e+00   1.3341545e+01   1.6502392e+01   2.1939685e+01   2.5360315e+01   2.7256913e+01   2.0043087e+01   4.4482370e+01   2.6834178e+01   3.6330808e+01   4.9726371e+01   5.7000000e+01   2.6916834e+01   2.0383166e+01   1.1361254e+01   5.5637580e+00   2.9388874e+01   1.3466618e+01
   2.9405955e+00   1.0278765e+00   1.0478712e+00   1.0000000e+00   1.9591149e+00   5.3070854e+00   1.7750592e+01   5.9457642e+00   8.5984482e+00   6.7449904e+00   1.1775444e+01   1.6439600e+01   4.1849188e+00   9.4243199e+00   1.3597054e+01   1.7032921e+01   2.1468479e+01   2.5831521e+01   2.6994452e+01   2.0305548e+01   4.4373582e+01   2.5735350e+01   3.7015816e+01   5.0000000e+01   5.7000000e+01   2.6799582e+01   2.0500418e+01   1.1341832e+01   5.5620953e+00   2.9983878e+01   1.3559666e+01
   2.9637247e+00   1.0177136e+00   1.0209939e+00   1.0104692e+00   1.9779098e+00   5.3515805e+00   1.7393525e+01   6.1034574e+00   8.6921698e+00   6.7056206e+00   1.1980374e+01   1.6473934e+01   4.1506945e+00   9.3695070e+00   1.3494983e+01   1.6628082e+01   2.2317595e+01   2.4982405e+01   2.7457605e+01   1.9842395e+01   4.4905099e+01   2.6203507e+01   3.6851687e+01   4.9865482e+01   5.7000000e+01   2.7152369e+01   2.0147631e+01   1.1190885e+01   5.6467510e+00   2.9770146e+01   1.3119757e+01
   2.9739814e+00   1.0150262e+00   1.0710707e+00   1.0000000e+00   1.9485644e+00   5.4373968e+00   1.8256870e+01   5.8850997e+00   8.6187674e+00   6.4501427e+00   1.2335928e+01   1.6487554e+01   4.3419389e+00   9.1958534e+00   1.3388975e+01   1.6654820e+01   2.1289491e+01   2.6010509e+01   2.6823992e+01   2.0476008e+01   4.4843029e+01   2.6846407e+01   3.5161129e+01   5.0000000e+01   5.7000000e+01   2.6894852e+01   2.0405148e+01   1.1226475e+01   5.5499000e+00   2.9852915e+01   1.2955718e+01
   3.0133682e+00   1.0000000e+00   1.0485764e+00   1.0134443e+00   1.9390883e+00   5.5848455e+00   1.8229606e+01   6.0978468e+00   8.5563651e+00   6.7318390e+00   1.1949695e+01   1.6619227e+01   4.2880810e+00   9.3559151e+00   1.3364363e+01   1.6492811e+01   2.1415992e+01   2.5884008e+01   2.6987353e+01   2.0312647e+01   4.5260577e+01   2.5919803e+01   3.5899529e+01   5.0000000e+01   5.7000000e+01   2.7085805e+01   2.0214195e+01   1.1596246e+01   5.6090967e+00   2.9440009e+01   1.3023762e+01
   3.0312488e+00   1.0048470e+00   1.0229223e+00   1.0086675e+00   2.0059641e+00   5.5305105e+00   1.7440589e+01   5.8596473e+00   8.6833458e+00   6.7692627e+00   1.2213694e+01   1.6099683e+01   4.2715839e+00   9.2309897e+00   1.3308183e+01   1.7009643e+01   2.1661841e+01   2.5638159e+01   2.6720523e+01   2.0579477e+01   4.4026314e+01   2.6403235e+01   3.5918006e+01   4.8533734e+01   5.7000000e+01   2.7121996e+01   2.0178004e+01   1.1408894e+01   5.5547484e+00   2.9430778e+01   1.3005556e+01
   3.0764635e+00   1.0000000e+00   1.0748158e+00   1.0136806e+00   1.9596946e+00   5.5867051e+00   1.7827414e+01   5.8141118e+00   8.7020638e+00   6.6847794e+00   1.2328689e+01   1.6934236e+01   4.1007472e+00   9.0576133e+00   1.3415622e+01   1.6321646e+01   2.1888490e+01   2.5411510e+01   2.6794789e+01   2.0505211e+01   4.4388876e+01   2.6253184e+01   3.5639664e+01   5.0000000e+01   5.7000000e+01   2.6794977e+01   2.0505023e+01   1.1332545e+01   5.6649378e+00   2.8937909e+01   1.2806470e+01
   2.9601974e+00   1.0030917e+00   1.0620227e+00   1.0000000e+00   1.9664133e+00   5.3899907e+00   1.7478130e+01   6.0222973e+00   8.5978449e+00   6.4321606e+00   1.2440501e+01   1.6919262e+01   4.3342355e+00   9.2022214e+00   1.3736947e+01   1.6573752e+01   2.1744984e+01   2.5555016e+01   2.7517838e+01   1.9782162e+01   4.4746353e+01   2.6749174e+01   3.6832708e+01   4.8941595e+01   5.7000000e+01   2.6763171e+01   2.0536829e+01   1.1236343e+01   5.3902156e+00   2.9978441e+01   1.3492650e+01
   2.9116416e+00   1.0260550e+00   1.0643163e+00   1.0000000e+00   1.9395473e+00   5.3271110e+00   1.7811123e+01   5.9745907e+00   8.6690573e+00   6.6165100e+00   1.2254916e+01   1.6718694e+01   4.3422315e+00   9.4213471e+00   1.3686259e+01   1.6802780e+01   2.2294999e+01   2.5005001e+01   2.7583369e+01   1.9716631e+01   4.5233054e+01   2.6195819e+01   3.6130788e+01   5.0000000e+01   5.7000000e+01   2.7393376e+01   1.9906624e+01   1.1353679e+01   5.4084065e+00   2.9987666e+01   1.2909113e+01
   2.9392874e+00   1.0000000e+00   1.0690398e+00   1.0000000e+00   1.9910770e+00   5.5574853e+00   1.7861374e+01   6.0307354e+00   8.6634794e+00   6.7494669e+00   1.2356709e+01   1.6916780e+01   4.3193263e+00   9.3289532e+00   1.3395729e+01   1.6294357e+01   2.2174257e+01   2.5125743e+01   2.7618833e+01   1.9681167e+01   4.3578860e+01   2.5762586e+01   3.5329006e+01   5.0000000e+01   5.7000000e+01   2.6901607e+01   2.0398393e+01   1.1251022e+01   5.4289064e+00   2.9224419e+01   1.3532481e+01
   3.0006607e+00   1.0000000e+00   1.0282100e+00   1.0184989e+00   2.0004795e+00   5.5737786e+00   1.7371275e+01   5.9813298e+00   8.6453794e+00   6.7515742e+00   1.2241002e+01   1.6661057e+01   4.2647793e+00   9.0262169e+00   1.3205624e+01   1.6890247e+01   2.2323146e+01   2.4976854e+01   2.8316427e+01   1.8983573e+01   4.3580066e+01   2.6968786e+01   3.5706233e+01   5.0000000e+01   5.7000000e+01   2.6712320e+01   2.0587680e+01   1.1498474e+01   5.5262526e+00   3.0082619e+01   1.3056295e+01
   2.9876679e+00   1.0030508e+00   1.0369578e+00   1.0267563e+00   1.9124490e+00   5.3816200e+00   1.7744843e+01   5.8741258e+00   8.5777860e+00   6.7648493e+00   1.1958115e+01   1.6504295e+01   4.3129581e+00   9.2512545e+00   1.3214899e+01   1.6787947e+01   2.1873321e+01   2.5426679e+01   2.7455465e+01   1.9844535e+01   4.4371197e+01   2.6428326e+01   3.5614863e+01   5.0000000e+01   5.7000000e+01   2.7086921e+01   2.0213079e+01   1.1596862e+01   5.3351574e+00   2.9837443e+01   1.2815354e+01
   2.9372511e+00   1.0000000e+00   1.0355483e+00   1.0180336e+00   1.9488936e+00   5.5937940e+00   1.8006363e+01   5.9142569e+00   8.6370591e+00   6.6549760e+00   1.2262860e+01   1.6529459e+01   4.2298392e+00   9.0277604e+00   1.3464504e+01   1.6290963e+01   2.1416186e+01   2.5883814e+01   2.7869878e+01   1.9430122e+01   4.4324388e+01   2.6832823e+01   3.6692951e+01   4.9211856e+01   5.7000000e+01   2.6717470e+01   2.0582530e+01   1.1832245e+01   5.3920291e+00   2.9136472e+01   1.3519501e+01
   2.9321426e+00   1.0271889e+00   1.0804964e+00   1.0000000e+00   1.9721906e+00   5.4290309e+00   1.7971415e+01   5.8269814e+00   8.5149112e+00   6.6582152e+00   1.1778709e+01   1.6325817e+01   4.1996345e+00   9.3736945e+00   1.3633967e+01   1.6319709e+01   2.2360157e+01   2.4939843e+01   2.6947131e+01   2.0352869e+01   4.4657465e+01   2.6978981e+01   3.7058390e+01   5.0000000e+01   5.7000000e+01   2.6895655e+01   2.0404345e+01   1.1815407e+01   5.4179638e+00   3.0436609e+01   1.3332420e+01
   3.0250953e+00   1.0000000e+00   1.0389097e+00   1.0169061e+00   2.0026136e+00   5.4273379e+00   1.7787399e+01   6.0065061e+00   8.6817116e+00   6.4547616e+00   1.2202430e+01   1.6736808e+01   4.1630712e+00   9.3457231e+00   1.3615971e+01   1.7000115e+01   2.1492564e+01   2.5807436e+01   2.7539453e+01   1.9760547e+01   4.4768163e+01   2.6485180e+01   3.5482304e+01   4.9987395e+01   5.7000000e+01   2.6915392e+01   2.0384608e+01   1.1293134e+01   5.6479797e+00   2.9883310e+01   1.3362886e+01
   3.0277035e+00   1.0060864e+00   1.0323008e+00   1.0165850e+00   1.9253174e+00   5.3593014e+00   1.7395239e+01   5.7884287e+00   8.5313254e+00   6.5985715e+00   1.2413860e+01   1.6890310e+01   4.2859644e+00   9.4299605e+00   1.3378127e+01   1.6359864e+01   2.1896351e+01   2.5403649e+01   2.7450868e+01   1.9849132e+01   4.4234251e+01   2.6302464e+01   3.5981794e+01   4.8563377e+01   5.7000000e+01   2.6808103e+01   2.0491897e+01   1.1222797e+01   5.6548946e+00   2.8778142e+01   1.2924133e+01
   3.0653862e+00   1.0000000e+00   1.0699786e+00   1.0000000e+00   1.8979847e+00   5.3045646e+00   1.7642044e+01   5.8371103e+00   8.4541794e+00   6.7563644e+00   1.2331534e+01   1.6372135e+01   4.1296161e+00   9.3810317e+00   1.3242359e+01   1.6790370e+01   2.1849963e+01   2.5450037e+01   2.7023934e+01   2.0276066e+01   4.5216226e+01   2.6081184e+01   3.5936461e+01   4.8487547e+01   5.7000000e+01   2.7123439e+01   2.0176561e+01   1.1516961e+01   5.3488982e+00   2.9009051e+01   1.3412877e+01
   3.0587010e+00   1.0022220e+00   1.0321880e+00   1.0000000e+00   1.9918014e+00   5.5579666e+00   1.7835864e+01   6.0769185e+00   8.5696329e+00   6.5887802e+00   1.1776215e+01   1.7044671e+01   4.1944807e+00   9.2871411e+00   1.3436307e+01   1.6986587e+01   2.1595929e+01   2.5704071e+01   2.7281386e+01   2.0018614e+01   4.5220819e+01   2.5907767e+01   3.5587636e+01   5.0000000e+01   5.7000000e+01   2.6823626e+01   2.0476374e+01   1.1428529e+01   5.4526527e+00   2.8954493e+01   1.3285342e+01
   2.9504252e+00   1.0094190e+00   1.0251698e+00   1.0000000e+00   1.9189829e+00   5.6128663e+00   1.7927176e+01   5.9787551e+00   8.6613417e+00   6.4679186e+00   1.2140530e+01   1.6678582e+01   4.1745190e+00   9.2565510e+00   1.3094052e+01   1.6858065e+01   2.1701344e+01   2.5598656e+01   2.7022288e+01   2.0277712e+01   4.4967048e+01   2.7024877e+01   3.6170738e+01   5.0000000e+01   5.7000000e+01   2.7007032e+01   2.0292968e+01   1.1821024e+01   5.3649408e+00   2.9620786e+01   1.3138216e+01
   2.9134996e+00   1.0000000e+00   1.0285112e+00   1.0056217e+00   1.9916806e+00   5.5829075e+00   1.7579330e+01   5.9007113e+00   8.6719537e+00   6.7591418e+00   1.2390151e+01   1.6261993e+01   4.1293289e+00   9.2102574e+00   1.3692775e+01   1.6590786e+01   2.1655064e+01   2.5644936e+01   2.7472115e+01   1.9827885e+01   4.4429734e+01   2.6712585e+01   3.6764788e+01   4.8525056e+01   5.7000000e+01   2.7101932e+01   2.0198068e+01   1.1314250e+01   5.4719586e+00   2.9931022e+01   1.3166260e+01
   2.9916727e+00   1.0000000e+00   1.0276817e+00   1.0160387e+00   1.9182309e+00   5.3005101e+00   1.8273513e+01   6.1375345e+00   8.6227671e+00   6.7526382e+00   1.1974755e+01   1.6794520e+01   4.2228100e+00   9.0204516e+00   1.3268569e+01   1.6706503e+01   2.1927879e+01   2.5372121e+01   2.7603466e+01   1.9696534e+01   4.5034610e+01   2.5553297e+01   3.6258857e+01   5.0000000e+01   5.7000000e+01   2.6942971e+01   2.0357029e+01   1.1574483e+01   5.5510327e+00   3.0402450e+01   1.3329581e+01
   2.9364124e+00   1.0000000e+00   1.0757433e+00   1.0102225e+00   2.0081623e+00   5.2869464e+00   1.8318541e+01   5.9695268e+00   8.5473950e+00   6.7413300e+00   1.1807294e+01   1.6613139e+01   4.3240672e+00   9.3632146e+00   1.3557298e+01   1.6903290e+01   2.1509526e+01   2.5790474e+01   2.6833079e+01   2.0466921e+01   4.5115190e+01   2.6395576e+01   3.6119746e+01   5.0000000e+01   5.7000000e+01   2.7130890e+01   2.0169110e+01   1.1407221e+01   5.5564407e+00   2.8894648e+01   1.2935593e+01
   2.9847631e+00   1.0000000e+00   1.0595563e+00   1.0000000e+00   1.9579973e+00   5.3695067e+00   1.8183097e+01   5.9929344e+00   8.6377787e+00   6.7161455e+00   1.1907149e+01   1.6417329e+01   4.1567878e+00   9.3377821e+00   1.3423058e+01   1.6779529e+01   2.1798855e+01   2.5501145e+01   2.7663812e+01   1.9636188e+01   4.4518773e+01   2.6262773e+01   3.4942505e+01   5.0000000e+01   5.7000000e+01   2.6838754e+01   2.0461246e+01   1.1486439e+01   5.4824763e+00   2.8895955e+01   1.3126205e+01
   3.0174816e+00   1.0042312e+00   1.0419890e+00   1.0000000e+00   1.9953505e+00   5.5895829e+00   1.8219779e+01   6.0414037e+00   8.4264078e+00   6.7024573e+00   1.2128341e+01   1.6870927e+01   4.3291792e+00   9.3773638e+00   1.3535762e+01   1.6798238e+01   2.2014659e+01   2.5285341e+01   2.6706496e+01   2.0593504e+01   4.4051952e+01   2.7006285e+01   3.5541507e+01   4.9752282e+01   5.7000000e+01   2.6770133e+01   2.0529867e+01   1.1435029e+01   5.5690024e+00   2.9558270e+01   1.3429994e+01
   2.9924036e+00   1.0000000e+00   1.0563319e+00   1.0001627e+00   1.9058111e+00   5.2977525e+00   1.7451225e+01   5.9887054e+00   8.5579228e+00   6.6587668e+00   1.1781362e+01   1.6373686e+01   4.3407940e+00   9.4171147e+00   1.3699955e+01   1.6171582e+01   2.2060084e+01   2.5239916e+01   2.7257634e+01   2.0042366e+01   4.3670039e+01   2.6676157e+01   3.6563789e+01   5.0000000e+01   5.7000000e+01   2.6848642e+01   2.0451358e+01   1.1781609e+01   5.3391847e+00   2.9225841e+01   1.2835021e+01
   2.9865572e+00   1.0000000e+00   1.0615288e+00   1.0260589e+00   1.9609771e+00   5.4653335e+00   1.7531943e+01   6.0930373e+00   8.6576901e+00   6.6909795e+00   1.1778599e+01   1.6154751e+01   4.1510567e+00   9.0451613e+00   1.3728395e+01   1.6453062e+01   2.1926958e+01   2.5373042e+01   2.7260844e+01   2.0039156e+01   4.4670024e+01   2.6968733e+01   3.6511218e+01   4.8772661e+01   5.7000000e+01   2.6979428e+01   2.0320572e+01   1.1301489e+01   5.4826383e+00   2.8666374e+01   1.2903183e+01
   2.9875454e+00   1.0000000e+00   1.0547699e+00   1.0000000e+00   1.9459872e+00   5.3614351e+00   1.7469318e+01   5.8043754e+00   8.6524128e+00   6.5066534e+00   1.2385775e+01   1.6484334e+01   4.3232124e+00   9.1499571e+00   1.3308459e+01   1.6527471e+01   2.2434833e+01   2.4865167e+01   2.7075716e+01   2.0224284e+01   4.5210060e+01   2.7004509e+01   3.6554471e+01   4.8759890e+01   5.7000000e+01   2.7154121e+01   2.0145879e+01   1.1756614e+01   5.5913044e+00   2.9029163e+01   1.3110832e+01
   3.0133400e+00   1.0173532e+00   1.0325444e+00   1.0119441e+00   1.8998509e+00   5.4895623e+00   1.7788620e+01   5.9939667e+00   8.6934730e+00   6.7583399e+00   1.2126046e+01   1.6808601e+01   4.3214557e+00   9.0274788e+00   1.3632254e+01   1.6215036e+01   2.1796560e+01   2.5503440e+01   2.7304644e+01   1.9995356e+01   4.3110306e+01   2.6608420e+01   3.5791846e+01   4.9682336e+01   5.7000000e+01   2.6784956e+01   2.0515044e+01   1.1221517e+01   5.5941030e+00   3.0248688e+01   1.2995261e+01
   3.0736502e+00   1.0239104e+00   1.0569285e+00   1.0000000e+00   1.9777980e+00   5.4072876e+00   1.7789007e+01   6.0045403e+00   8.6824098e+00   6.7175946e+00   1.2037137e+01   1.7038435e+01   4.2506986e+00   9.3184201e+00   1.3768718e+01   1.6540450e+01   2.1415949e+01   2.5884051e+01   2.7963285e+01   1.9336715e+01   4.4090588e+01   2.5863040e+01   3.5394657e+01   4.9023574e+01   5.7000000e+01   2.6859875e+01   2.0440125e+01   1.1290600e+01   5.6077993e+00   2.9211154e+01   1.3527231e+01
   2.9984422e+00   1.0291342e+00   1.0526314e+00   1.0003380e+00   1.9966678e+00   5.5014602e+00   1.7803551e+01   5.8361368e+00   8.6729254e+00   6.4060173e+00   1.2252332e+01   1.6544029e+01   4.1671675e+00   9.2874577e+00   1.3779197e+01   1.6221675e+01   2.1491273e+01   2.5808727e+01   2.7150302e+01   2.0149698e+01   4.5040427e+01   2.6335877e+01   3.6403305e+01   5.0000000e+01   5.7000000e+01   2.6944550e+01   2.0355450e+01   1.1495656e+01   5.3655667e+00   2.9594930e+01   1.2984522e+01
   2.9326919e+00   1.0224190e+00   1.0513421e+00   1.0101692e+00   1.9688221e+00   5.5217361e+00   1.7602505e+01   5.9406498e+00   8.6335999e+00   6.6453311e+00   1.2227702e+01   1.6893268e+01   4.2446814e+00   8.9749240e+00   1.3317186e+01   1.6916777e+01   2.1484418e+01   2.5815582e+01   2.8035792e+01   1.9264208e+01   4.4786824e+01   2.6830435e+01   3.6770745e+01   5.0000000e+01   5.7000000e+01   2.6796877e+01   2.0503123e+01   1.1449885e+01   5.3795157e+00   2.9463124e+01   1.3384120e+01
   3.0565480e+00   1.0000000e+00   1.0601706e+00   1.0000000e+00   1.9779360e+00   5.3878988e+00   1.7912115e+01   5.9757089e+00   8.5907922e+00   6.6414992e+00   1.1893827e+01   1.6816397e+01   4.1582158e+00   9.1050407e+00   1.3374728e+01   1.6764651e+01   2.1498214e+01   2.5801786e+01   2.6796179e+01   2.0503821e+01   4.5095919e+01   2.6378953e+01   3.5014369e+01   4.9041628e+01   5.7000000e+01   2.6809287e+01   2.0490713e+01   1.1737402e+01   5.4569522e+00   2.9533498e+01   1.3403627e+01
   2.9195602e+00   1.0000000e+00   1.0202622e+00   1.0000000e+00   1.9472680e+00   5.4433364e+00   1.7972093e+01   6.0446024e+00   8.5712049e+00   6.7273054e+00   1.2144798e+01   1.6246598e+01   4.2525231e+00   9.4095910e+00   1.3218305e+01   1.6595548e+01   2.2439768e+01   2.4860232e+01   2.7711485e+01   1.9588515e+01   4.4235063e+01   2.6568193e+01   3.4939649e+01   5.0000000e+01   5.7000000e+01   2.6993224e+01   2.0306776e+01   1.1613184e+01   5.5744938e+00   2.9573761e+01   1.3278858e+01
   3.0036706e+00   1.0000000e+00   1.0608908e+00   1.0125499e+00   1.9914160e+00   5.4790984e+00   1.7498371e+01   5.9585568e+00   8.6675295e+00   6.4550098e+00   1.2165949e+01   1.6685949e+01   4.3038253e+00   8.9036263e+00   1.3360036e+01   1.6801075e+01   2.1564008e+01   2.5735992e+01   2.6790695e+01   2.0509305e+01   4.4697472e+01   2.6083850e+01   3.6955029e+01   4.9989864e+01   5.7000000e+01   2.6844303e+01   2.0455697e+01   1.1399661e+01   5.4760712e+00   2.9135057e+01   1.3441905e+01
   2.9705608e+00   1.0000000e+00   1.0789378e+00   1.0107404e+00   1.9889436e+00   5.4242980e+00   1.7358186e+01   5.8066761e+00   8.6434179e+00   6.6465266e+00   1.2381611e+01   1.6745336e+01   4.1303946e+00   9.3521244e+00   1.3270927e+01   1.6669087e+01   2.2202503e+01   2.5097497e+01   2.7268307e+01   2.0031693e+01   4.4857947e+01   2.6554036e+01   3.5002250e+01   4.8523945e+01   5.7000000e+01   2.6899076e+01   2.0400924e+01   1.1827909e+01   5.5707627e+00   3.0347102e+01   1.2799483e+01
